
3 0 5 facil

5 -1 2
-1 1 -1
7 -1 9

3 0 6 facil
3 5 -1
-1 -1 7
9 8 1

3 0 6 facil
-1 6 -1
2 8 4
1 -1 9

3 0 5 facil
9 -1 -1
-1 4 1
7 -1 5

3 0 5 facil
9 7 -1
8 -1 -1
-1 2 1 


6 0 18 facil
-1 -1 -1 -1 24 -1
18 16 20 23 -1 -1
-1 -1 12 29 30 27
14 -1 -1 5 -1 31
-1 7 36 -1 -1 3
9 -1 -1 34 1 -1

6 0 22 facil
-1 27 -1 30 -1 33
-1 25 29 36 -1 32
21 23 24 35 10 1
-1 -1 -1 11 -1 9
-1 16 14 3 8 -1
-1 18 15 -1 5 -1

7 0 27 facil
43 -1 -1 46 -1 -1 -1
42 -1 39 38 47 -1 34
-1 41 -1 15 12 33 49
20 18 17 -1 13 -1 -1
22 -1 24 -1 -1 -1 -1
-1 23 -1 8 9 27 -1
1 3 -1 6 -1 29 28

7 0 27 facil
-1 42 -1 44 3 -1 1
-1 39 45 -1 47 -1 49
38 13 -1 15 -1 48 5
37 12 17 -1 9 7 -1
-1 -1 -1 -1 29 -1 27
-1 19 -1 31 30 24 -1
-1 -1 32 -1 22 -1 25

8 9 32 facil
* * 30 -1 28 3 * *
-1 -1 32 -1 -1 1 -1 -1
37 -1 34 33 26 5 6 8
38 39 -1 23 -1 25 13 -1
-1 19 22 21 -1 -1 12 -1
-1 -1 17 16 * 52 -1 11
42 43 45 48 -1 53 -1 55
* * -1 -1 47 -1 * *

8 0 24 facil
-1 58 -1 -1 61 -1 -1 -1
52 -1 -1 -1 -1 -1 -1 23
-1 -1 55 28 -1 20 -1 64
-1 50 -1 -1 30 -1 -1 -1
-1 -1 -1 35 36 4 17 1
45 44 -1 -1 -1 -1 -1 16
-1 -1 38 6 -1 9 -1 -1
-1 40 -1 -1 -1 -1 12 14

9 0 31 facil
-1 -1 60 -1 -1 -1 -1 69 70
52 -1 61 -1 -1 -1 66 -1 -1
-1 -1 56 62 -1 -1 76 -1 -1
49 12 -1 14 79 -1 17 -1 74
-1 10 -1 -1 -1 -1 18 -1 -1
-1 -1 -1 81 -1 -1 -1 23 24
-1 44 -1 -1 4 1 33 -1 -1
-1 43 7 -1 -1 -1 27 -1 31
42 -1 -1 -1 -1 35 -1 -1 30
